#date|instrument|open|max|min|last_price|osc
2012-02-06|VALE5|43.67|43.95|43.53|43.90|0.16
2012-02-06|OGXP3|17.18|17.50|17.13|17.32|0.11
2012-02-06|ITUB4|35.65|36.03|35.41|35.97|0.36
2012-02-06|BVMF3|11.79|11.90|11.73|11.87|0.25
2012-02-06|BBDC4|31.56|31.78|31.39|31.70|-0.16
2012-02-06|BBAS3|27.11|27.28|26.86|27.05|-0.92
2012-02-06|GGBR4|18.09|18.19|17.94|18.18|0.11
2012-02-06|PETR3|26.84|27.15|26.60|27.06|0.74
2012-02-06|VALE3|45.67|45.95|45.50|45.90|0.07
2012-02-06|PDGR3|7.78|7.89|7.71|7.82|0.26
2012-02-06|USIM5|12.05|12.09|11.84|11.98|-0.17
2012-02-06|ITSA4|11.64|11.75|11.61|11.75|0.17
2012-02-06|CYRE3|17.65|17.78|17.31|17.65|0.45
2012-02-06|MRVE3|14.27|14.59|14.17|14.48|1.40
2012-02-06|GFSA3|5.13|5.26|5.03|5.14|0.59
2012-02-06|CSNA3|18.46|18.62|18.35|18.55|-0.54
2012-02-06|HYPE3|11.48|11.48|11.05|11.20|-1.75
2012-02-06|BRFS3|34.76|34.85|34.07|34.10|-1.61
2012-02-06|CIEL3|54.66|55.25|53.31|53.98|-1.82
2012-02-06|AMBV4|65.34|65.62|64.15|64.70|-0.98
2012-02-06|RDCD3|32.09|32.40|31.52|32.03|-0.22
2012-02-06|MMXM3|8.63|8.74|8.54|8.71|0.93
2012-02-06|RSID3|10.80|10.80|10.50|10.54|-2.32
2012-02-06|LREN3|60.83|61.01|60.11|60.97|0.23
2012-02-06|SANB11|17.39|17.54|17.08|17.23|-1.37
2012-02-06|LAME4|17.02|17.36|17.02|17.27|0.99
2012-02-06|TIMP3|9.53|9.54|9.29|9.51|-0.21
2012-02-06|NATU3|39.99|40.15|39.11|39.39|-0.88
2012-02-06|CMIG4|35.25|35.43|34.82|35.40|0.42
2012-02-06|PCAR4|74.61|74.62|73.38|73.92|-0.98
2012-02-06|ALLL3|10.32|10.39|10.18|10.28|-0.39
2012-02-06|FIBR3|15.20|15.56|14.95|15.36|1.19
2012-02-06|GOAU4|22.72|22.93|22.36|22.74|-0.44
2012-02-06|JBSS3|6.55|6.65|6.48|6.65|0.76
2012-02-06|BRML3|20.60|20.63|20.25|20.34|-1.31
2012-02-06|CCRO3|12.80|13.26|12.80|13.00|1.72
2012-02-06|GOLL4|13.02|13.02|12.64|12.68|-2.69
2012-02-06|CSAN3|28.86|28.90|28.50|28.90|0.17
2012-02-06|BISA3|6.70|6.74|6.54|6.65|-0.75
2012-02-06|ELPL4|36.71|36.71|36.30|36.50|-0.57
2012-02-06|MRFG3|8.18|8.23|8.09|8.14|-0.73
2012-02-06|TNLP4|17.05|17.19|16.86|16.98|-0.58
2012-02-06|BRKM5|15.79|15.79|15.53|15.65|-0.63
2012-02-06|ELET3|17.60|17.81|17.57|17.75|0.62
2012-02-06|CPLE6|39.72|40.28|39.42|40.28|0.70
2012-02-06|HGTX3|41.89|43.40|41.89|42.15|-0.24
2012-02-06|ELET6|25.05|25.50|25.05|25.44|1.23
2012-02-06|LIGT3|26.55|26.60|26.13|26.32|-0.87
2012-02-06|CESP6|33.33|33.38|32.45|33.36|0.06
2012-02-06|EMBR3|12.06|12.31|11.97|12.20|1.08
2012-02-06|KLBN4|7.74|7.81|7.47|7.62|-1.80
2012-02-06|LLXL3|3.68|3.74|3.67|3.71|0.82
2012-02-06|DTEX3|10.33|10.33|9.96|10.06|-2.52
2012-02-06|UGPA3|36.39|36.52|35.88|36.18|-0.60
2012-02-06|CRUZ3|23.55|23.62|23.21|23.36|-1.60
2012-02-06|TAMM4|38.50|38.69|37.84|37.94|-1.71
2012-02-06|BTOW3|10.66|10.68|10.45|10.59|-1.12
2012-02-06|USIM3|16.86|16.88|16.69|16.74|-0.95
2012-02-06|CPFE3|25.43|26.00|25.21|25.90|1.17
2012-02-06|BRTO4|11.14|11.26|11.00|11.04|-2.04
2012-02-06|SBSP3|57.95|58.73|57.63|58.34|0.10
2012-02-06|TNLP3|20.30|20.45|20.18|20.20|-0.69
2012-02-06|TRPL4|53.41|53.74|52.44|52.61|-1.66
2012-02-06|TMAR5|42.99|42.99|42.28|42.42|-1.12
2012-02-06|PETR4|24.49|24.82|24.40|24.75|0.57
2012-02-06|RPMG3|1.10|1.15|1.08|1.12|1.82
2012-02-06|EUCA4|7.17|7.17|7.01|7.01|-1.27
2012-02-06|AGEN11|0.37|0.38|0.36|0.36|-2.70
2012-02-06|OGXP3|17.18|17.50|17.13|17.32|0.11
2012-02-06|MILK11|0.43|0.47|0.42|0.45|4.65
2012-02-06|SULA11|18.06|18.16|17.90|17.97|-1.26
2012-02-06|IDNT3|2.82|2.84|2.79|2.79|-2.11
2012-02-06|AMAR3|21.13|21.94|20.82|21.73|2.69
2012-02-06|AMIL3|18.22|18.22|17.89|18.05|-1.26
2012-02-06|FRAS4|3.04|3.04|3.01|3.01|-1.95
2012-02-06|BTTL4|1.63|1.67|1.63|1.64|-1.20
2012-02-06|VLID3|23.23|23.34|22.97|23.03|0.17
2012-02-07|VALE5|43.70|44.12|43.31|44.03|0.25
2012-02-07|OGXP3|17.20|17.48|17.16|17.46|1.16
2012-02-07|ITUB4|35.79|36.44|35.35|36.30|0.67
2012-02-07|BVMF3|11.79|11.97|11.75|11.95|0.93
2012-02-07|BBDC4|31.60|31.90|31.33|31.81|0.19
2012-02-07|BBAS3|26.90|27.33|26.89|27.33|0.66
2012-02-07|GGBR4|18.05|18.43|18.00|18.30|0.55
2012-02-07|PETR3|27.09|27.83|26.90|27.79|2.24
2012-02-07|VALE3|45.66|45.94|45.14|45.90|0.11
2012-02-07|PDGR3|7.74|7.83|7.67|7.73|-1.53
2012-02-07|USIM5|11.88|12.22|11.87|12.18|1.84
2012-02-07|ITSA4|11.66|11.87|11.58|11.87|1.02
2012-02-07|CYRE3|17.42|17.90|17.27|17.80|0.79
2012-02-07|MRVE3|14.24|14.44|14.04|14.25|-1.66
2012-02-07|GFSA3|5.10|5.33|5.07|5.29|3.12
2012-02-07|CSNA3|18.46|18.64|18.26|18.61|0.48
2012-02-07|HYPE3|11.11|11.69|11.06|11.55|3.13
2012-02-07|BRFS3|34.26|34.45|33.59|33.70|-1.35
2012-02-07|CIEL3|58.00|58.16|55.55|56.05|3.85
2012-02-07|AMBV4|64.40|65.11|64.18|64.30|-0.68
2012-02-07|RDCD3|35.00|35.48|34.71|35.30|10.17
2012-02-07|MMXM3|8.60|8.95|8.60|8.95|2.64
2012-02-07|RSID3|10.53|10.70|10.40|10.69|1.42
2012-02-07|LREN3|61.05|61.24|60.03|60.21|-1.29
2012-02-07|SANB11|17.02|17.25|16.91|17.12|-0.52
2012-02-07|LAME4|17.21|17.50|17.06|17.50|1.45
2012-02-07|TIMP3|9.51|9.65|9.44|9.64|1.26
2012-02-07|NATU3|39.32|40.40|39.12|40.04|1.99
2012-02-07|CMIG4|35.55|35.77|35.22|35.38|-0.59
2012-02-07|PCAR4|73.89|73.89|73.28|73.49|-0.69
2012-02-07|ALLL3|10.30|10.33|10.18|10.21|-0.39
2012-02-07|FIBR3|15.26|15.67|15.22|15.67|2.42
2012-02-07|GOAU4|22.60|22.91|22.40|22.84|0.13
2012-02-07|BRAP4|35.73|36.10|35.35|36.10|0.03
2012-02-07|JBSS3|6.63|7.00|6.59|7.00|4.95
2012-02-07|BRML3|20.40|20.47|19.99|20.30|-0.49
2012-02-07|CCRO3|12.95|13.59|12.95|13.27|1.30
2012-02-07|GOLL4|12.61|12.90|12.40|12.90|1.98
2012-02-07|CSAN3|28.60|29.11|28.55|29.00|0.69
2012-02-07|BISA3|6.59|6.63|6.42|6.53|-1.51
2012-02-07|ELPL4|36.40|36.94|36.40|36.70|0.55
2012-02-07|MRFG3|8.07|8.30|8.05|8.28|1.97
2012-02-07|TNLP4|16.91|17.15|16.87|17.15|1.06
2012-02-07|BRKM5|15.60|16.47|15.56|16.36|5.28
2012-02-07|ELET3|17.81|17.92|17.75|17.92|0.67
2012-02-07|CPLE6|40.18|40.75|39.47|40.70|1.52
2012-02-07|HGTX3|41.81|42.20|41.11|41.72|-0.67
2012-02-07|ELET6|25.44|25.55|25.31|25.55|0.08
2012-02-07|LIGT3|26.37|27.35|26.27|27.17|3.03
2012-02-07|CESP6|33.25|34.90|33.25|34.90|4.46
2012-02-07|EMBR3|12.21|12.47|12.12|12.35|0.82
2012-02-07|KLBN4|7.62|7.84|7.58|7.73|0.91
2012-02-07|LLXL3|3.73|3.83|3.71|3.80|2.15
2012-02-07|DTEX3|9.93|10.07|9.90|9.96|-0.60
2012-02-07|UGPA3|36.04|36.66|35.63|36.60|1.10
2012-02-07|CRUZ3|23.20|23.77|23.20|23.58|0.98
2012-02-07|TAMM4|37.70|38.79|37.32|38.62|2.17
2012-02-07|BTOW3|10.42|10.82|10.40|10.70|1.90
2012-02-07|USIM3|16.65|16.80|16.57|16.70|-0.83
2012-02-07|CPFE3|26.02|26.54|25.76|26.45|1.73
2012-02-07|BRTO4|11.01|11.20|10.97|11.20|1.08
2012-02-07|SBSP3|59.00|60.73|58.30|60.46|2.94
2012-02-07|TRPL4|52.60|53.11|52.23|52.61|0.02
2012-02-07|TMAR5|42.36|43.13|41.11|41.50|-1.96
2012-02-07|PETR4|24.72|25.64|24.72|25.61|3.02
2012-02-07|RPMG3|1.13|1.16|1.11|1.13|0.89
2012-02-07|BMIN4|0.38|0.40|0.38|0.39|2.63
2012-02-07|EUCA4|7.12|7.12|6.97|6.99|-1.13
2012-02-07|AGEN11|0.37|0.37|0.34|0.34|-5.55
2012-02-07|OGXP3|17.20|17.48|17.16|17.46|1.16
2012-02-07|MILK11|0.45|0.46|0.44|0.44|-2.22
2012-02-07|SULA11|17.85|17.93|17.13|17.36|-3.55
2012-02-07|IDNT3|2.85|2.85|2.76|2.85|2.15
2012-02-07|AMAR3|21.75|21.84|20.95|21.39|-1.56
2012-02-07|AMIL3|17.95|18.12|17.95|18.09|-0.06
2012-02-07|FRAS4|3.02|3.02|2.98|3.00|-0.33
2012-02-07|BTTL4|1.64|1.68|1.64|1.67|1.83
2012-02-07|VLID3|23.08|23.50|22.69|23.00|-0.13
2012-02-08|VALE5|44.02|44.30|43.54|43.65|-0.73
2012-02-08|OGXP3|17.53|17.76|17.32|17.33|-0.74
2012-02-08|ITUB4|36.41|37.30|36.40|37.20|2.20
2012-02-08|BVMF3|11.93|12.09|11.91|12.08|1.43
2012-02-08|BBDC4|31.88|32.25|31.48|31.73|-0.31
2012-02-08|BBAS3|27.30|27.66|27.14|27.40|0.55
2012-02-08|GGBR4|18.40|18.47|18.10|18.22|-0.44
2012-02-08|PETR3|27.76|28.06|27.45|27.59|-0.58
2012-02-08|VALE3|45.84|46.11|45.35|45.59|-0.55
2012-02-08|PDGR3|7.77|7.87|7.73|7.81|1.03
2012-02-08|USIM5|12.25|12.29|12.09|12.16|-0.08
2012-02-08|ITSA4|11.87|12.10|11.87|12.10|1.94
2012-02-08|CYRE3|17.82|18.05|17.62|17.96|0.90
2012-02-08|MRVE3|14.27|14.36|13.80|13.88|-2.18
2012-02-08|GFSA3|5.27|5.36|5.17|5.18|-0.57
2012-02-08|CSNA3|18.69|18.80|18.30|18.42|-1.02
2012-02-08|HYPE3|11.63|11.82|11.40|11.70|1.30
2012-02-08|BRFS3|33.85|33.88|32.90|32.90|-2.72
2012-02-08|CIEL3|56.25|57.84|55.50|56.01|-0.43
2012-02-08|AMBV4|64.20|64.47|63.31|63.63|-1.04
2012-02-08|RDCD3|35.40|36.74|35.24|36.40|2.82
2012-02-08|MMXM3|8.99|9.08|8.53|8.55|-4.47
2012-02-08|RSID3|10.75|10.84|10.51|10.54|-2.32
2012-02-08|LREN3|60.68|60.75|58.56|58.77|-2.39
2012-02-08|SANB11|17.13|17.56|17.13|17.55|2.39
2012-02-08|LAME4|17.52|17.60|17.10|17.39|-0.63
2012-02-08|TIMP3|9.58|9.64|9.38|9.47|-1.76
2012-02-08|NATU3|40.43|40.80|39.69|40.80|1.90
2012-02-08|CMIG4|35.46|35.85|35.32|35.80|0.96
2012-02-08|PCAR4|73.49|73.90|72.50|73.25|-0.33
2012-02-08|ALLL3|10.23|10.39|10.15|10.31|0.98
2012-02-08|FIBR3|15.75|16.02|15.51|15.95|2.37
2012-02-08|GOAU4|22.80|22.99|22.33|22.56|-1.23
2012-02-08|BRAP4|36.20|36.27|35.86|36.13|0.08
2012-02-08|JBSS3|6.99|7.17|6.99|7.10|1.43
2012-02-08|BRML3|20.24|20.69|20.24|20.69|2.53
2012-02-08|CCRO3|13.20|13.30|12.81|13.19|-0.60
2012-02-08|GOLL4|13.01|13.11|12.52|12.55|-2.64
2012-02-08|CSAN3|29.00|29.53|28.64|29.13|0.45
2012-02-08|BISA3|6.57|6.62|6.44|6.53|-0.15
2012-02-08|ELPL4|36.84|36.85|36.41|36.51|-0.52
2012-02-08|MRFG3|8.32|8.44|8.21|8.36|0.97
2012-02-08|TNLP4|17.24|17.38|17.04|17.19|0.41
2012-02-08|BRKM5|16.56|16.74|16.39|16.43|0.43
2012-02-08|ELET3|17.89|18.10|17.86|18.10|1.00
2012-02-08|CPLE6|40.80|41.08|40.61|40.75|0.12
2012-02-08|HGTX3|42.03|42.05|41.43|42.04|0.17
2012-02-08|ELET6|25.56|25.68|25.41|25.65|0.39
2012-02-08|LIGT3|27.21|27.70|27.21|27.52|1.29
2012-02-08|CESP6|34.85|35.99|34.50|35.64|2.12
2012-02-08|EMBR3|12.40|12.45|12.02|12.10|-2.02
2012-02-08|KLBN4|7.72|7.95|7.69|7.94|2.45
2012-02-08|LLXL3|3.85|3.89|3.76|3.79|-0.26
2012-02-08|DTEX3|10.05|10.09|9.90|9.91|-0.80
2012-02-08|UGPA3|36.51|36.67|36.00|36.00|-1.64
2012-02-08|CRUZ3|23.58|23.76|23.00|23.25|-1.40
2012-02-08|TAMM4|38.81|38.81|37.94|38.01|-1.58
2012-02-08|BTOW3|10.88|11.00|10.73|10.80|0.93
2012-02-08|USIM3|16.75|16.78|16.64|16.64|-0.36
2012-02-08|CPFE3|26.50|26.50|26.12|26.20|-0.94
2012-02-08|BRTO4|11.16|11.20|11.01|11.15|-0.45
2012-02-08|SBSP3|60.51|60.85|59.66|60.60|0.23
2012-02-08|TNLP3|20.34|20.35|20.17|20.20|-0.49
2012-02-08|TRPL4|52.65|53.40|52.39|52.53|-0.15
2012-02-08|PETR4|25.65|25.88|25.30|25.43|-0.66
2012-02-08|RPMG4|0.90|0.92|0.87|0.88|-2.22
2012-02-08|RPMG3|1.15|1.16|1.11|1.11|-1.77
2012-02-08|BMIN4|0.39|0.39|0.38|0.38|-2.56
2012-02-08|EUCA4|7.05|7.05|6.94|7.02|0.43
2012-02-08|AGEN11|0.34|0.36|0.31|0.33|-2.94
2012-02-08|OGXP3|17.53|17.76|17.32|17.33|-0.74
2012-02-08|TOYB4|0.04|0.05|0.04|0.05|25.00
2012-02-08|SULA11|17.31|17.57|17.31|17.55|1.15
2012-02-08|AMAR3|21.44|21.63|21.00|21.34|-0.23
2012-02-08|AMIL3|18.02|18.09|17.29|17.45|-3.06
2012-02-08|FRAS4|3.00|3.06|3.00|3.03|1.00
2012-02-08|BTTL4|1.67|1.74|1.67|1.72|2.99
2012-02-08|VLID3|23.24|23.70|22.95|23.70|3.04
